1 0.8486067708333334 0.1267102615694165 0.16045572916666667 0.01949698189134809
11 0.11148437500000001 0.1269517102615694 0.09236979166666666 0.017042253521126764
0 0.7618229166666667 0.17562374245472837 0.35174479166666667 0.07621730382293763
10 0.25710937500000003 0.17806841046277666 0.39121093749999997 0.0869718309859155
9 0.8397265625 0.26712273641851103 0.18833333333333332 0.018430583501006036
8 0.7570703124999999 0.3223943661971831 0.3536458333333334 0.09373239436619718
5 0.7732421875000001 0.42881287726358147 0.16175781250000001 0.015875251509054326
2 0.89546875 0.42905432595573445 0.07432291666666667 0.015392354124748492
7 0.12256510416666666 0.4469114688128773 0.11072916666666667 0.016841046277665993
6 0.22895833333333335 0.44740442655935614 0.1030859375 0.01782696177062374
3 0.8805859374999999 0.46256539235412475 0.09902343749999999 0.01879275653923541
4 0.7637499999999999 0.4632997987927565 0.12756510416666667 0.01732394366197183
13 0.15454427083333333 0.6184406438631791 0.17088541666666668 0.01341046277665996
12 0.21342447916666665 0.636046277665996 0.2886458333333333 0.019265593561368206