12 0.14504032258064517 0.5708950969213227 0.13856451612903226 0.033466362599771954
5 0.6967016129032257 0.17177309007981756 0.14241935483870968 0.020096921322690992
11 0.10284677419354839 0.17187001140250854 0.07031451612903225 0.01838654503990878
2 0.913741935483871 0.17281641961231473 0.04156451612903226 0.016482326111744584
4 0.6764032258064516 0.1976168757126568 0.17441129032258065 0.018568985176738884
3 0.8869919354838709 0.19780501710376283 0.09290322580645162 0.01514823261117446
10 0.1373790322580645 0.21594640820980615 0.14743548387096775 0.053335233751425314
9 0.4509032258064516 0.27779931584948686 0.11589516129032258 0.019304446978335235
1 0.1228709677419355 0.279036488027366 0.11841935483870968 0.019874572405929304
0 0.14826612903225805 0.32606043329532497 0.16651612903225807 0.055011402508551875
8 0.47979838709677425 0.326630558722919 0.17635483870967741 0.05234891676168757
13 0.8293387096774194 0.5699429874572406 0.18458064516129033 0.03536488027366021