13 0.1599032258064516 0.5743842645381985 0.17062096774193547 0.03738312428734321
5 0.696241935483871 0.17017103762827823 0.1465 0.025216647662485745
11 0.10262096774193548 0.1711630558722919 0.07715322580645162 0.027206385404789053
2 0.9145080645161291 0.17240592930444695 0.06416935483870967 0.020746864310148234
4 0.6758467741935483 0.19526225769669328 0.19008870967741937 0.024709236031927026
3 0.8856774193548387 0.197502850627138 0.11619354838709678 0.02023375142531357
10 0.13987096774193547 0.2121550741163056 0.16008870967741934 0.052519954389965796
9 0.4523225806451613 0.27650513112884834 0.12270161290322582 0.029127708095781073
1 0.12441129032258065 0.27923603192702395 0.12916129032258064 0.025649942987457243
0 0.14619354838709678 0.3246978335233751 0.17273387096774193 0.04797605473204105
8 0.4821935483870967 0.325193842645382 0.19508870967741934 0.05493158494868871
12 0.8188951612903226 0.5694184720638541 0.2019758064516129 0.03937856328392246