13 0.14717741935483872 0.5705131128848346 0.13745967741935483 0.032702394526795894
12 0.8411451612903226 0.5711801596351197 0.15981451612903225 0.035935005701254276
11 0.10162096774193549 0.17091790193842646 0.07592741935483871 0.020285062713797035
5 0.6991048387096774 0.17139110604332952 0.1364758064516129 0.019332953249714936
2 0.9131854838709677 0.17234321550741163 0.045830645161290325 0.01743443557582668
3 0.6771935483870968 0.19590649942987456 0.17600000000000002 0.01894526795895097
4 0.8884596774193548 0.19733181299885974 0.09314516129032258 0.016094640820980617
10 0.1364274193548387 0.21756556442417332 0.14821774193548387 0.0546636259977195
1 0.1239274193548387 0.278466362599772 0.11516129032258066 0.022531356898517676
9 0.44928225806451616 0.278751425313569 0.11801612903225807 0.017400228050171038
0 0.15228225806451615 0.3247320410490308 0.1745483870967742 0.05615165336374002
8 0.4815241935483871 0.3247320410490308 0.18250806451612903 0.05615165336374002