12 0.8416854838709678 0.5709920182440137 0.15551612903225806 0.03442417331812999
13 0.14758064516129032 0.5721322690992018 0.13558064516129031 0.03214367160775371
5 0.6985645161290323 0.1716818700114025 0.1300241935483871 0.01990877993158495
2 0.9121129032258064 0.1725370581527936 0.04905645161290322 0.019720638540478907
11 0.10309677419354839 0.1729133409350057 0.06544354838709678 0.020478905359179022
4 0.67625 0.19657354618015965 0.17679838709677417 0.020279361459521094
3 0.8875161290322581 0.1969498289623717 0.0939516129032258 0.021043329532497147
10 0.1396451612903226 0.21585518814139112 0.14929032258064517 0.051630558722919044
1 0.12459677419354839 0.278466362599772 0.10843548387096774 0.02063854047890536
9 0.4488709677419355 0.278466362599772 0.10913709677419356 0.02063854047890536
8 0.4840806451612903 0.32530216647662485 0.17416935483870968 0.0515963511972634
0 0.15106451612903224 0.326442417331813 0.18019354838709678 0.05387685290763968