3 0.8943790322580645 0.07381413911060433 0.10499193548387097 0.01612314709236032
4 0.7126854838709678 0.07381413911060433 0.12870161290322582 0.01612314709236032
11 0.09276612903225806 0.21908209806157353 0.06358870967741935 0.015889395667046752
9 0.5132661290322581 0.21908209806157353 0.07393548387096775 0.015889395667046752
1 0.31168548387096773 0.22041049030786775 0.0686290322580645 0.014749144811858609
8 0.5627096774193548 0.25527936145952107 0.17283064516129032 0.04836944127708096
0 0.35695967741935486 0.25594070695553023 0.16724999999999998 0.05160205245153934
10 0.1309274193548387 0.2564139110604333 0.15066129032258063 0.050649942987457244
2 0.9196532258064515 0.04607183580387685 0.04800806451612903 0.013854047890535919
5 0.7278790322580646 0.04683580387685291 0.09187903225806453 0.015370581527936146
12 0.8941129032258065 0.4706613454960091 0.08833064516129033 0.024937286202964655
13 0.6965645161290323 0.47141961231470925 0.0749516129032258 0.02645381984036488