3 0.891483870967742 0.07168757126567844 0.11268548387096773 0.01847776510832383
4 0.7082822580645162 0.0736431014823261 0.13966935483870968 0.022377423033067275
13 0.8738870967741934 0.219230330672748 0.13959677419354838 0.023751425313568983
11 0.09591129032258065 0.2209407069555302 0.07023387096774193 0.01838084378563284
1 0.3139516129032258 0.22142531356898518 0.08394354838709678 0.019355758266818703
9 0.5154354838709677 0.22142531356898518 0.08937903225806451 0.019355758266818703
12 0.8735403225806452 0.24825541619156213 0.15133064516129033 0.026168757126567844
10 0.1314435483870968 0.2558095781071836 0.15370967741935485 0.05006271379703535
8 0.5671693548387097 0.2558095781071836 0.1928548387096774 0.055917901938426454
0 0.36293548387096775 0.2584891676168757 0.17362096774193547 0.05250285062713797
2 0.9221935483870968 0.04632839224629419 0.062298387096774197 0.014589509692132269
12 0.8983790322580645 0.4696921322690992 0.10991935483870968 0.02993158494868871
13 0.6937983870967741 0.47066704675028503 0.07757258064516129 0.026026225769669325
5 0.7286451612903225 0.04803306727480046 0.10170967741935484 0.020929304446978336