4 0.5841612903225807 0.10643671607753706 0.11218548387096776 0.015450399087799317
5 0.4519274193548387 0.10684720638540479 0.07813709677419355 0.014635119726339796
2 0.4709354838709678 0.12810148232611174 0.040120967741935486 0.016419612314709238
3 0.5992500000000001 0.1283466362599772 0.08937903225806451 0.012023945267958951
1 0.509758064516129 0.17622576966932726 0.06014516129032258 0.016567844925883694
11 0.2649758064516129 0.17639110604332953 0.05216129032258065 0.013637400228050172
9 0.7472741935483871 0.17736602052451542 0.06974999999999999 0.015592930444697834
10 0.3074758064516129 0.21050741163055872 0.1440725806451613 0.04441277080957811
0 0.5663064516129033 0.21050741163055872 0.1755483870967742 0.04441277080957811
8 0.7961048387096774 0.21156784492588368 0.17662903225806453 0.04489737742303307
13 0.8845725806451612 0.4105929304446978 0.09550806451612903 0.019429874572405928
13 0.11661290322580645 0.41173318129988595 0.0872258064516129 0.024971493728620293