4 0.5871532258064517 0.10659635119726339 0.11126612903225806 0.015769669327251996
5 0.4518145161290323 0.10814709236031927 0.0779032258064516 0.013979475484606613
3 0.5959112903225806 0.12801596351197264 0.10112903225806452 0.014623717217787912
2 0.4742741935483871 0.12842075256556443 0.042185483870967745 0.013808437856328392
1 0.5119435483870968 0.17516533637400228 0.06452419354838711 0.01281641961231471
9 0.7442741935483871 0.17630558722919043 0.06606451612903226 0.018358038768529077
11 0.26279032258064516 0.1764709236031927 0.05239516129032258 0.015421892816419612
0 0.5651532258064516 0.2100171037628278 0.1755483870967742 0.043426453819840366
8 0.7958709677419354 0.2118072976054732 0.17846774193548387 0.04375142531356898
10 0.3107016129032258 0.21237742303306728 0.14821774193548387 0.046522234891676166
13 0.10935483870967741 0.41156784492588366 0.09575 0.024635119726339794
12 0.8820403225806451 0.4135233751425314 0.10195161290322581 0.02202964652223489