4 0.5850241935483871 0.10715507411630558 0.10725000000000001 0.014384264538198403
5 0.4503709677419355 0.10829532497149372 0.07987903225806452 0.016664766248574686
3 0.595508064516129 0.1276738882554162 0.09058064516129032 0.0174230330672748
2 0.47039516129032255 0.13033637400228051 0.041975806451612904 0.015136830102622578
1 0.5111129032258064 0.17470353477765108 0.061580645161290325 0.014555302166476625
9 0.7442741935483871 0.17584378563283923 0.0682258064516129 0.01683580387685291
11 0.26021774193548386 0.1760376282782212 0.05171774193548387 0.013415051311288484
8 0.7962741935483871 0.2097605473204105 0.17491129032258063 0.044760547320410494
10 0.31141129032258064 0.2110889395667047 0.15141935483870966 0.043614595210946405
0 0.565266129032258 0.21147092360319272 0.17256451612903226 0.044378563283922465
13 0.11145161290322579 0.41051311288483466 0.0848225806451613 0.026265678449258836
12 0.8882016129032257 0.41070125427594073 0.10070161290322581 0.02284492588369441