4 0.5871129032258064 0.10649942987457241 0.11269354838709678 0.017936145952109465
5 0.4517661290322581 0.10848346636259977 0.07482258064516129 0.016408209806157356
3 0.5931532258064516 0.12981185860889397 0.08855645161290322 0.015176738882554162
2 0.47289516129032255 0.1301140250855188 0.03429032258064516 0.01578677309007982
11 0.26233064516129034 0.1752109464082098 0.04515322580645161 0.018192702394526795
1 0.5136290322580644 0.1752109464082098 0.06142741935483871 0.014538198403648802
9 0.7422903225806452 0.17536488027366018 0.07641935483870968 0.016670467502850627
10 0.31317741935483867 0.2097890535917902 0.14686290322580647 0.041636259977194987
8 0.81125 0.21024515393386545 0.20915322580645163 0.044378563283922465
0 0.5642661290322581 0.2107012542759407 0.17046774193548386 0.03980615735461801
12 0.8871209677419355 0.41043329532497147 0.10739516129032257 0.02048460661345496
13 0.11791935483870968 0.41104332953249717 0.1029758064516129 0.025359179019384264