11 0.11247395833333333 0.1255078125 0.09623697916666667 0.0162890625
1 0.8537109374999999 0.12595703125 0.160625 0.015400390625
0 0.7268098958333334 0.16837890625 0.418203125 0.068291015625
10 0.27848958333333335 0.184443359375 0.42118489583333335 0.09865234375
9 0.8386718750000001 0.2353125 0.18501302083333335 0.013955078125
8 0.7242057291666667 0.28271484375 0.417734375 0.07677734375
2 0.8764322916666667 0.332158203125 0.11138020833333334 0.017646484375
5 0.7380729166666667 0.33357421875 0.15901041666666668 0.01623046875
6 0.2285677083333333 0.35177734375 0.09881510416666667 0.019599609375
7 0.12063802083333335 0.35177734375 0.11020833333333334 0.019599609375
4 0.7628125 0.368017578125 0.1303515625 0.018349609375
3 0.881875 0.36873046875 0.09859375 0.019765625
13 0.8694661458333334 0.409052734375 0.0595703125 0.0240625
12 0.884609375 0.47544921875 0.08985677083333334 0.0219140625