4 0.7969596774193548 0.5745014245014245 0.14171774193548387 0.017977207977207976
3 0.9210645161290322 0.5749629629629629 0.10546774193548387 0.01888888888888889
13 0.18354032258064518 0.7012706552706552 0.17946774193548387 0.01660968660968661
12 0.3263548387096774 0.7197606837606838 0.46510483870967745 0.01797150997150997
1 0.8929435483870968 0.26306552706552705 0.16688709677419356 0.01451851851851852
11 0.1340967741935484 0.26443874643874643 0.09222580645161291 0.01725925925925926
0 0.842516129032258 0.300962962962963 0.267741935483871 0.0629002849002849
10 0.31213709677419355 0.3235612535612536 0.4521854838709678 0.09987464387464387
9 0.8764596774193548 0.3890997150997151 0.19210483870967743 0.01992022792022792
8 0.848008064516129 0.43612535612535613 0.2515806451612903 0.08108262108262108
5 0.7339354838709677 0.5368319088319088 0.16695161290322583 0.016626780626780628
2 0.8965000000000001 0.5388831908831909 0.15460483870967742 0.018
6 0.2578790322580645 0.5560113960113959 0.10316129032258065 0.016615384615384615
7 0.1421774193548387 0.556923076923077 0.11225806451612902 0.018444444444444444