1 0.8636090225563909 0.2794694533762058 0.16592731829573934 0.03562700964630225
11 0.1018295739348371 0.2840996784565917 0.09600250626566416 0.0392443729903537
10 0.2407268170426065 0.34678456591639867 0.36439849624060155 0.07781350482315112
0 0.7606892230576441 0.34938906752411575 0.37676691729323314 0.08866559485530547
9 0.845125313283208 0.4136977491961415 0.19788220551378446 0.03077170418006431
8 0.7572431077694235 0.47418006430868165 0.376140350877193 0.08339228295819935
5 0.7480200501253133 0.5378778135048231 0.16659147869674185 0.029935691318327975
2 0.8874185463659148 0.5378778135048231 0.11329573934837092 0.029935691318327975
7 0.11467418546365915 0.5983601286173633 0.11542606516290727 0.03432475884244373
6 0.2280576441102757 0.5985530546623794 0.10411027568922306 0.030707395498392284
3 0.8930576441102757 0.6182475884244373 0.10703007518796992 0.03954983922829582
4 0.7694862155388471 0.619855305466238 0.1311904761904762 0.03311897106109325
12 0.9047994987468672 0.78 0.06348370927318295 0.027845659163987138
13 0.4268170426065163 0.7820096463022509 0.05987468671679198 0.023826366559485532