11 0.18275882352941175 0.06543636363636364 0.17853529411764704 0.021477272727272727
12 0.8486588235294118 0.7529 0.0730764705882353 0.0161
13 0.7049529411764707 0.7544909090909091 0.0641 0.01776818181818182
10 0.19912941176470586 0.13572272727272727 0.2132294117647059 0.10750454545454545
2 0.20502352941176472 0.22109545454545457 0.04619411764705882 0.014313636363636363
3 0.8085470588235294 0.22178636363636364 0.0830529411764706 0.01448181818181818
5 0.13522352941176471 0.22480454545454545 0.0854235294117647 0.01900909090909091
4 0.7358176470588236 0.22534545454545454 0.05131764705882352 0.017054545454545458
1 0.11022941176470587 0.26890000000000003 0.05112352941176471 0.01476818181818182
9 0.6369117647058824 0.2705681818181818 0.059388235294117644 0.01507272727272727
0 0.16795882352941174 0.31298181818181814 0.17245882352941178 0.06959545454545456
8 0.6927764705882353 0.3139636363636364 0.17503529411764707 0.07005