11 0.18205882352941177 0.06368636363636364 0.1771294117647059 0.02252727272727273
12 0.8499058823529412 0.7530545454545454 0.0638 0.013386363636363635
13 0.7091411764705882 0.7546454545454545 0.06462941176470588 0.01505
10 0.17921764705882354 0.1376090909090909 0.1734058823529412 0.10370454545454545
3 0.8054941176470588 0.22146818181818181 0.07498823529411765 0.012327272727272728
2 0.21490588235294117 0.22154545454545455 0.0691 0.01339090909090909
4 0.7362941176470589 0.22381363636363635 0.05030588235294117 0.01854090909090909
5 0.13462352941176473 0.2258590909090909 0.08225882352941177 0.018086363636363637
1 0.11061176470588235 0.2688090909090909 0.05188235294117647 0.014586363636363639
9 0.6357176470588235 0.2688863636363636 0.0632764705882353 0.013222727272727273
0 0.175 0.3131909090909091 0.17870000000000003 0.07002272727272728
8 0.7003058823529411 0.3145545454545454 0.18814117647058823 0.06971818181818182