11 0.18376470588235294 0.06388636363636364 0.17608823529411766 0.02014090909090909
12 0.8474470588235294 0.7527681818181818 0.04463529411764706 0.016077272727272725
13 0.704529411764706 0.7541318181818182 0.06702941176470588 0.01335
10 0.20599411764705883 0.1381409090909091 0.23701176470588237 0.10865
3 0.8050882352941177 0.22095454545454546 0.07755294117647059 0.014277272727272727
2 0.2164764705882353 0.22122727272727272 0.07303529411764706 0.015181818181818182
4 0.7375705882352941 0.2255 0.050758823529411766 0.019727272727272725
5 0.1350764705882353 0.22568181818181818 0.08341764705882353 0.02372727272727273
1 0.11049411764705883 0.2685863636363636 0.05542941176470589 0.014986363636363636
9 0.6355823529411765 0.26940454545454545 0.06090588235294118 0.014804545454545454
8 0.6958 0.3136636363636363 0.1907470588235294 0.06878636363636365
0 0.19858235294117646 0.3150272727272727 0.2292529411764706 0.07332727272727273