9 0.61690625 0.21707713125845735 0.1394296875 0.03361299052774019
1 0.3353125 0.2197699594046008 0.11964062499999999 0.029986468200270636
6 0.13768750000000002 0.270893098782138 0.0803046875 0.03599458728010826
7 0.04925 0.27269282814614343 0.08917968750000001 0.03959404600811908
4 0.0553203125 0.3245602165087957 0.097859375 0.04408660351826793
3 0.14949218749999998 0.32485791610284165 0.083078125 0.038673883626522326
8 0.6755625000000001 0.35987821380243573 0.25675 0.24101488497970233
0 0.40525 0.36017591339648175 0.2560546875 0.2446278755074425
5 0.775890625 0.06926928281461434 0.0962890625 0.02968876860622463
2 0.8918359375 0.07123139377537213 0.126796875 0.030595399188092016
13 0.7392890624999999 0.8935994587280108 0.0664921875 0.05453315290933694
12 0.9024531250000001 0.8996211096075779 0.1428125 0.05453315290933694