3 0.15268229166666666 0.118134765625 0.08106770833333334 0.016220703125
4 0.05959635416666667 0.118623046875 0.09889322916666667 0.0139453125
0 0.40838541666666667 0.126669921875 0.2604296875 0.08375
8 0.6770052083333334 0.127080078125 0.25946614583333333 0.082939453125
5 0.7549088541666666 0.030830078125 0.09845052083333333 0.0125
2 0.8781510416666666 0.031962890625 0.1452734375 0.0115234375
13 0.7383203125 0.336767578125 0.05875 0.01892578125
12 0.9041927083333333 0.33880859375 0.11923177083333332 0.02787109375
1 0.33712239583333337 0.075576171875 0.11138020833333334 0.01412109375
9 0.6136588541666667 0.075908203125 0.1327734375 0.014765625
7 0.05548177083333333 0.095927734375 0.08630208333333333 0.01248046875
6 0.14173177083333333 0.096162109375 0.07868489583333334 0.014599609375