6 0.14651041666666667 0.11095703125 0.08755208333333332 0.0131640625
7 0.057109375 0.1111328125 0.08821614583333333 0.00994140625
3 0.15635416666666666 0.132001953125 0.09282552083333334 0.014228515625
4 0.058710937500000004 0.1321875 0.10197916666666666 0.012431640625
8 0.6731510416666667 0.140625 0.26264322916666666 0.083310546875
0 0.40394531250000004 0.141171875 0.259765625 0.08654296875
2 0.8768229166666667 0.031083984375 0.14596354166666667 0.015380859375
5 0.7688802083333334 0.031806640625 0.06828125 0.0125
13 0.7000260416666667 0.35166015625 0.15227864583333334 0.021650390625
12 0.8864192708333333 0.35328125 0.14212239583333333 0.022734375
9 0.6124739583333333 0.089912109375 0.1383984375 0.016416015625
1 0.33822916666666664 0.090986328125 0.122578125 0.0142578125