1 0.3380208333333334 0.112646484375 0.11843749999999999 0.013154296875
9 0.613125 0.112646484375 0.13377604166666665 0.013154296875
7 0.05592447916666667 0.13240234375 0.085078125 0.012099609375
6 0.14455729166666667 0.13248046875 0.08404947916666666 0.0107421875
3 0.152265625 0.15365234375 0.08144531249999999 0.01404296875
4 0.060625000000000005 0.153955078125 0.09649739583333333 0.0146484375
0 0.39660156249999995 0.154931640625 0.2416015625 0.069169921875
8 0.6641927083333333 0.15560546875 0.23990885416666666 0.0690234375
13 0.7467317708333333 0.37375 0.060429687499999996 0.021533203125
12 0.9011458333333334 0.374873046875 0.11686197916666667 0.019287109375
5 0.6862239583333333 0.056845703125 0.09970052083333332 0.01421875
2 0.8491536458333333 0.0569140625 0.21921875000000002 0.01287109375
10 0.23285156250000003 0.0724609375 0.26265625 0.01841796875
11 0.051406249999999994 0.074267578125 0.09207031249999999 0.016015625