8 0.6740364583333333 0.106044921875 0.264453125 0.05001953125
0 0.3969270833333333 0.107744140625 0.25 0.0601953125
2 0.17385416666666667 0.10982421875 0.14759114583333333 0.012333984375
5 0.05427083333333333 0.111513671875 0.08936197916666666 0.013466796875
4 0.05954427083333333 0.131484375 0.10291666666666667 0.012705078125
3 0.15552083333333333 0.131865234375 0.08981770833333334 0.01345703125
13 0.7001822916666667 0.3519140625 0.14787760416666665 0.0238671875
12 0.908203125 0.352666015625 0.11161458333333334 0.02537109375
1 0.3371484375 0.070068359375 0.12441406249999999 0.011982421875
9 0.6157682291666667 0.07025390625 0.141875 0.01462890625
6 0.14446614583333334 0.08966796875 0.08580729166666667 0.01046875
7 0.0540234375 0.0900390625 0.09186197916666666 0.011220703125