6 0.14299479166666665 0.11183072677092916 0.08533854166666667 0.01611775528978841
7 0.054882812499999996 0.11386384544618215 0.09303385416666667 0.012051517939282429
4 0.05934895833333333 0.13235510579576817 0.10197916666666666 0.01655933762649494
3 0.15895833333333334 0.13280588776448943 0.09427083333333335 0.017460901563937443
8 0.6745052083333333 0.14046918123275068 0.25559895833333335 0.086918123275069
0 0.4034765625 0.14294388224471022 0.2691145833333333 0.08375344986200553
5 0.7342317708333334 0.03199632014719411 0.07233072916666666 0.013459061637534499
2 0.8644661458333333 0.03267709291628335 0.18720052083333336 0.017516099356025758
13 0.7022916666666666 0.3894572217111315 0.16173177083333332 0.032631094756209754
13 0.9053255208333333 0.3908095676172953 0.153984375 0.029926402943882244
1 0.338046875 0.09063477460901563 0.12675781249999998 0.011619135234590617
9 0.6205729166666667 0.09063477460901563 0.15154947916666667 0.011619135234590617