9 0.5623567708333334 0.109951171875 0.056276041666666665 0.012265625
1 0.2977734375 0.11025390625 0.051953124999999996 0.01287109375
6 0.14234375 0.127978515625 0.08565104166666666 0.012255859375
7 0.05666666666666667 0.1280859375 0.0811328125 0.015546875
3 0.14915364583333332 0.1485546875 0.0832421875 0.01435546875
4 0.06203125 0.148857421875 0.08928385416666666 0.0149609375
8 0.660078125 0.1590625 0.25171875 0.08345703125
0 0.3983072916666666 0.16048828125 0.25460937499999997 0.0830078125
11 0.045598958333333335 0.034052734375 0.061614583333333334 0.01302734375
10 0.20688802083333332 0.034248046875 0.2576171875 0.01732421875
12 0.9190625 0.39025390625 0.09261718749999999 0.019990234375
2 0.8841145833333334 0.03919921875 0.12888020833333333 0.017998046875
5 0.756328125 0.039951171875 0.12170572916666667 0.016494140625
13 0.7928906250000001 0.391005859375 0.04859375 0.01849609375