6 0.14244791666666667 0.11384765625 0.08104166666666666 0.0140625
7 0.05451822916666666 0.11490234375 0.082265625 0.0131640625
3 0.15256510416666666 0.136162109375 0.0800390625 0.015107421875
4 0.059921875000000006 0.13623046875 0.09708333333333334 0.01375
0 0.40268229166666664 0.15259765625 0.2537630208333333 0.097568359375
8 0.6696744791666666 0.154853515625 0.2548828125 0.099072265625
2 0.8587630208333333 0.02162109375 0.1863671875 0.015888671875
5 0.7158723958333333 0.0219921875 0.09888020833333333 0.01513671875
13 0.7325130208333334 0.370224609375 0.06205729166666666 0.02048828125
12 0.9108723958333332 0.37044921875 0.11227864583333334 0.02244140625
1 0.3345052083333333 0.095830078125 0.11938802083333333 0.0140625
9 0.6133984375 0.097255859375 0.13833333333333334 0.012412109375