8 0.594202657807309 0.12593896713615024 0.13162790697674417 0.012100938967136151
0 0.3312956810631229 0.12764084507042253 0.11626245847176078 0.01415492957746479
6 0.14232558139534884 0.12764084507042253 0.08637873754152824 0.01415492957746479
7 0.05727574750830564 0.1293544600938967 0.08448504983388704 0.013474178403755869
3 0.1532059800664452 0.14881455399061033 0.08782392026578073 0.011408450704225352
4 0.06137873754152824 0.15017605633802816 0.09559800664451827 0.014143192488262912
10 0.22785714285714284 0.03650234741784038 0.3038205980066445 0.01631455399061033
11 0.046644518272425245 0.03719483568075117 0.06322259136212625 0.013591549295774647
2 0.8537209302325582 0.03955399061032864 0.05901993355481728 0.010117370892018779
5 0.7592358803986711 0.041431924882629104 0.12817275747508305 0.01181924882629108
12 0.9020431893687707 0.44660798122065726 0.11506644518272424 0.02091549295774648
13 0.744734219269103 0.4473004694835681 0.12237541528239203 0.01818075117370892
1 0.30182724252491694 0.1107394366197183 0.051528239202657804 0.015187793427230046
9 0.5630398671096345 0.1115962441314554 0.06059800664451827 0.014847417840375587