13 0.15056261343012703 0.6254253954681487 0.14310344827586208 0.03209918768704575
12 0.809655172413793 0.6263531423685336 0.22313974591651545 0.032526720820863615
5 0.6974531155474895 0.17185121846943138 0.13384150030248035 0.019918768704574607
11 0.10197217180883243 0.17235143223599828 0.07012099213551119 0.016643864899529712
2 0.8931336963097398 0.17384779820436083 0.07147610405323654 0.018208636169303124
4 0.7347610405323654 0.19664814023086788 0.06729582577132485 0.018204360837964943
3 0.8850635208711434 0.19864044463445918 0.0956745311554749 0.016494228302693457
10 0.21042347247428916 0.22342881573321932 0.2870296430732002 0.06607097050021377
1 0.12515426497277676 0.2827832407011543 0.10438596491228071 0.018033347584437795
9 0.44814882032667874 0.28313809320222316 0.10508771929824562 0.01732364258230013
0 0.2045795523290986 0.34639589568191537 0.2713006654567453 0.08684053014108593
8 0.501167574107683 0.3484651560495938 0.21516031457955234 0.08954681487815305