12 0.7945674531155476 0.690072680632749 0.2514398064125832 0.0345575032064985
13 0.1514398064125832 0.6909918768704575 0.14687840290381124 0.030696879008123127
11 0.10427102238354508 0.1708465156049594 0.07673321234119783 0.0193373236425823
5 0.6955716878402903 0.17206070970500215 0.14217785843920147 0.01605814450619923
2 0.8935692679975801 0.17426678067550236 0.07840290381125227 0.01619923044035913
4 0.6784331518451301 0.19492945703292006 0.17646098003629765 0.02047028644719966
3 0.8840955837870539 0.19742197520307822 0.08768300060496068 0.015480974775545105
10 0.2047610405323654 0.22427533133817873 0.27569872958257713 0.07203933304831124
9 0.451470054446461 0.2816631038905515 0.10768905021173623 0.01864471996579735
1 0.12544464609800363 0.2823728088926892 0.11303690260133091 0.01722103463018384
8 0.5238354506957048 0.34542112013681064 0.26452510586811856 0.09058572039333049
0 0.19952813067150635 0.3474134245404019 0.2632183908045977 0.08887558785805899