13 0.14542649727767695 0.7035955536554083 0.13686025408348457 0.027400598546387347
11 0.10175438596491228 0.1708465156049594 0.067664851784634 0.01933304831124412
5 0.6977858439201452 0.172129115006413 0.13450090744101634 0.017622915775972636
2 0.8937628554143981 0.17291577597263788 0.07476104053236539 0.014916631038905516
4 0.6767090139140955 0.19621205643437367 0.17503327283726558 0.017332193244976486
3 0.8850937689050211 0.19763574176998716 0.09371445856019359 0.014480547242411285
10 0.19539019963702361 0.21415989739204788 0.25292800967937085 0.0489568191534844
9 0.4486388384754991 0.2791406584010261 0.1060617059891107 0.01930312099187687
1 0.12140955837870539 0.28035057716973066 0.10898971566848155 0.020299273193672508
8 0.5150635208711434 0.3253740914920906 0.24092558983666063 0.04764429243266353
0 0.18057471264367816 0.3258016246259085 0.22127646702964307 0.05134672937152629