13 0.1471385359951603 0.6553441641727233 0.14337568058076225 0.032873022659256096
12 0.8029280096793708 0.6573920478837111 0.23292800967937083 0.03697734074390765
11 0.1034724742891712 0.17074390765284309 0.07055656382335147 0.01964087216759299
5 0.7008287961282517 0.172368533561351 0.13762855414398065 0.017759726378794357
2 0.8936660617059892 0.17365113296280463 0.08288566243194191 0.01519452757588713
4 0.6782093163944343 0.19604959384352288 0.1790078644888082 0.025104745617785376
3 0.8825347852389595 0.19810175288584866 0.09934059286146402 0.01963232150491663
10 0.20857834240774348 0.21511329628046172 0.28803387779794315 0.05536126549807611
9 0.45029643073200243 0.2785506626763574 0.11811252268602541 0.02148781530568619
1 0.12246218995765276 0.27906370243693884 0.11579552329098608 0.019093629756306112
0 0.20313974591651543 0.32864899529713554 0.2795644283121597 0.05669516887558786
8 0.5151300665456745 0.32967507481829844 0.23809437386569873 0.058747327917913636