5 0.7017866666666667 0.1715268614514609 0.15330666666666667 0.020716305372290293
2 0.9034933333333334 0.1715268614514609 0.08022666666666667 0.026145146088595663
11 0.10566666666666667 0.1737888784165881 0.08312 0.02524033930254477
4 0.6780933333333333 0.19551366635249764 0.18277333333333334 0.02522148916116871
3 0.89804 0.19800188501413762 0.1116 0.016625824693685204
10 0.17256 0.2172290292177191 0.21308 0.057794533459000944
9 0.45526666666666665 0.27426013195098964 0.1214 0.02517436380772856
1 0.12582666666666667 0.28104618284637134 0.11961333333333332 0.02245051837888784
8 0.48919999999999997 0.32765315739868045 0.18157333333333334 0.061347785108388314
0 0.1684 0.3308199811498586 0.20090666666666668 0.062252591894439206
12 0.8506533333333334 0.6191517436380772 0.13979999999999998 0.04132893496701225
13 0.15272 0.621875589066918 0.15033333333333335 0.035900094250706886