12 0.8121415607985482 0.6266695168875588 0.21891712038717484 0.035519452757588714
13 0.15340592861464006 0.6274048738777255 0.151167574107683 0.03404446344591706
5 0.7010889292196008 0.16868319794784095 0.1384452510586812 0.026284737067122702
11 0.1020508166969147 0.17039760581445063 0.07344222625529341 0.02088926891834117
2 0.8975317604355716 0.17457032920051305 0.09810042347247429 0.014510474561778538
4 0.6712341197822141 0.1944335185976913 0.19537810042347245 0.027742625053441643
3 0.8881609195402299 0.19663958956819153 0.10018753781004236 0.023326207781103038
10 0.20198427102238353 0.22115861479264642 0.2816454930429522 0.07824711415134673
9 0.4498064125831821 0.28247969217614366 0.11911070780399273 0.024249679350149635
1 0.1235632183908046 0.2829713552800342 0.11647307924984876 0.025233005557930743
0 0.20267997580157288 0.3467250961949551 0.2830308529945554 0.08797776827704147
8 0.5174712643678161 0.3489311671654553 0.2586085904416213 0.08944848225737495