7 0.055897009966777406 0.23906318082788672 0.08463455149501661 0.02906318082788671
6 0.14715946843853822 0.23934640522875816 0.09945182724252491 0.026187363834422658
0 0.3870764119601329 0.2745533769063181 0.22554817275747507 0.11376906318082788
4 0.06200996677740864 0.2768627450980392 0.09162790697674418 0.029019607843137254
8 0.652126245847176 0.27712418300653596 0.23154485049833884 0.11549019607843136
3 0.15174418604651163 0.2777124183006536 0.08503322259136212 0.027320261437908496
11 0.045 0.06522875816993465 0.06285714285714286 0.01821350762527233
10 0.18996677740863788 0.06666666666666667 0.22172757475083055 0.024509803921568627
2 0.8846511627906976 0.07300653594771242 0.13320598006644518 0.02
5 0.7538704318936876 0.07357298474945534 0.12583056478405316 0.02801742919389978
12 0.9130564784053156 0.723529411764706 0.09568106312292358 0.042570806100217864
13 0.7637209302325582 0.7255337690631808 0.12717607973421927 0.029389978213507625
1 0.29561461794019933 0.20586056644880174 0.055714285714285716 0.0244880174291939
9 0.5635049833887044 0.2067102396514161 0.059534883720930236 0.029651416122004354